0.154937
0.148636
0.142986
0.162787
0.158577
0.158169
0.135954
0.136861
0.141501
0.157977
0.168446
0.172545
0.168126
0.160427
0.154943
0.141892
0.138303
0.140183
0.151600
0.157469
0.159586
0.156911
0.158789
0.161448
0.160408
0.159151
0.155844
0.160972
0.158941
0.160190
0.165185
0.163949
0.165419
0.164591
0.162931
0.165722
0.160649
0.159241
0.143252
0.165854
0.156246
0.137110
0.141445
0.134759
0.142084
0.146692
0.144604
0.155443
0.166374
0.162817
0.167138
0.162491
0.163606
0.163330
0.139575
0.144167
0.140540
0.134180
0.141639
0.142365
0.141930
0.135485
0.141969
0.154008
0.138814
0.142996
0.137871
0.134805
0.142468
0.148295
0.163583
0.160870
0.137743
0.157936
0.141187
0.137767
0.136585
0.138484
0.135825
0.144152
0.167543
0.160700
0.168141
0.169570
0.166593
0.165710
0.163883
0.165166
0.163195
0.162186
0.140445
0.148363
0.143542
0.142831
0.145223
0.162411
0.143294
0.145874
0.136419
0.134212
0.137993
0.156899
0.157629
0.157618
0.155997
0.156835
0.157541
0.155355
0.151792
0.154834
0.153965
0.152712
0.151733
0.136293
0.134692
0.135202
0.135546
0.136654
0.136641
0.135378
0.138093
0.134494
0.134228
0.136122
0.135467
0.135072
0.135157
0.137687
0.134082
0.134336
0.135844
0.135968
0.134999
0.134991
0.135537
0.135906
0.135448
0.134232
0.134895
0.133794
0.134771
0.134169
0.140026
0.142339
0.134790
0.136667
0.136181
0.135732
0.137460
0.135801
0.136091
0.134599
0.133761
0.133823
0.135941
0.134855
0.134938
0.134591
0.135745
0.134773
0.141023
0.137229
0.137724
0.135472
0.135476
0.136479
0.134306
0.133996
0.134859
0.136090
0.134001
0.133606
0.134626
0.136140
0.135903
0.136000
0.136369
0.137186
0.134403
0.134839
0.135893
0.133490
0.134156
0.133801
0.134942
0.133864
0.134289
0.133780
0.135136
0.135985
0.136727
0.134165
0.135413
0.134768
0.135155
0.134667
0.134994
0.134435
0.134047
0.134395
0.138005
0.157093
0.158361
0.157088
0.157945
0.137569
0.155002
0.154877
0.151818
0.136070
0.133824
0.135472
0.134751
0.135000
0.135227
0.135346
0.136379
0.135607
0.134515
0.135305
0.136100
0.134944
0.134273
0.136045
0.137424
0.135618
0.135480
0.135832
0.136464
0.134200
0.134148
0.134309
0.135395
0.134754
0.134705
0.135745
0.135798
0.135609
0.134868
0.134854
0.134454
0.134615
0.135363
0.137259
0.133939
0.133360
0.135132
0.136362
0.136282
0.135640
0.135310
0.132745
0.133258
0.136131
0.135219
0.134762
0.134400
0.134567
0.134927
0.135593
0.134789
0.139014
0.134821
0.135887
0.134144
0.133193
0.136118
0.142079
0.135499
0.134851
0.136818
0.134946
0.135503
0.135044
0.137117
0.134965
0.133909
0.134711
0.136127
0.133676
0.137114
0.135193
0.135145
0.134152
0.136067
0.135304
0.135299
0.134562
0.135767
0.134992
0.134338
0.134089
0.134683
0.134773
0.134706
0.133498
0.135548
0.135031
0.134609
0.134971
0.142462
0.158973
0.157751
0.156697
0.155304
0.156051
0.135087
0.133744
0.133314
0.135403
0.135943
0.134176
0.134559
0.137714
0.133370
0.150910
0.149324
0.140992
0.134004
0.134312
0.134590
0.134136
0.134638
0.135133
0.135654
0.134889
0.134458
0.141724
0.137064
0.134089
0.133969
0.135395
0.133736
0.133783
0.133452
0.136134
0.134451
0.135248
0.135024
0.135748
0.139996
0.134438
0.133680
0.135711
0.136425
0.133914
0.134152
0.139556
0.133756
0.135343
0.134189
0.135058
0.137397
0.135145
0.135423
0.135364
0.135202
0.141786
0.135325
0.134943
0.134959
0.135080
0.137128
0.135657
0.134938
0.134567
0.136484
0.134425
0.135997
0.134831
0.136515
0.134377
0.134481
0.133996
0.138444
0.134127
0.134057
0.133958
0.136008
0.134693
0.135294
0.134038
0.133063
0.133749
0.134243
0.136563
0.135158
0.134349
0.133611
0.135659
0.134166
0.134173
0.133560
0.136435
0.133208
0.133955
0.133742
0.134683
0.133521
0.134146
0.173834
0.156594
0.158620
0.154593
0.132530
0.154430
0.152493
0.150688
0.132991
0.135300
0.132609
0.136750
0.134354
0.134766
0.133331
0.133973
0.131440
0.133404
0.131941
0.132493
0.131816
0.131397
0.131900
0.132108
0.133252
0.132324
0.133484
0.132214
0.134785
0.132850
0.132720
0.131790
0.134417
0.132683
0.133065
0.132270
0.135662
0.132641
0.134606
0.133583
0.133794
0.133235
0.133583
0.133138
0.132290
0.133261
0.133283
0.137217
0.133379
0.132704
0.132117
0.132301
0.131938
0.134099
0.132583
0.133656
0.132437
0.133454
0.132715
0.134283
0.132696
0.131582
0.133899
0.135104
0.132635
0.132016
0.132878
0.134560
0.134163
0.134401
0.135753
0.134060
0.133608
0.131564
0.131511
0.135085
0.132281
0.134340
0.131802
0.135165
0.132083
0.137837
0.133794
0.133507
0.133661
0.133654
0.132440
0.132251
0.132966
0.132867
0.134955
0.132175
0.133252
0.132271
0.135729
0.133155
0.132641
0.131536
0.133332
0.132714
