0.132515
0.132333
0.125737
0.149070
0.171034
0.128611
0.123332
0.129783
0.135113
0.136100
0.136617
0.116863
0.128087
0.138465
0.134265
0.134579
0.137046
0.135585
0.135494
0.119723
0.128057
0.133052
0.141290
0.135167
0.137355
0.141099
0.138052
0.123165
0.123212
0.130263
0.135615
0.136317
0.137774
0.135852
0.126323
0.124132
0.120627
0.130062
0.127523
0.137075
0.137302
0.137203
0.136479
0.135927
0.136358
0.119165
0.122514
0.121754
0.122099
0.121895
0.126005
0.169584
0.153705
0.139372
0.168374
0.130340
0.124831
0.125121
0.133982
0.120192
0.128124
0.121706
0.122199
0.122453
0.123568
0.122921
0.122233
0.122746
0.122626
0.123216
0.128505
0.122823
0.131510
0.123766
0.135647
0.127649
0.129591
0.135615
0.117854
0.123311
0.133196
0.136759
0.137010
0.139232
0.123652
0.129781
0.129122
0.128826
0.130116
0.129200
0.129216
0.133704
0.150173
0.172263
0.143271
0.140114
0.162819
0.178880
0.178555
0.154509
0.141962
0.130391
0.123334
0.137827
0.126796
0.130260
0.142891
0.126219
0.138772
0.127311
0.131928
0.129515
0.129641
0.128745
0.128267
0.130963
0.137574
0.139195
0.136234
0.135667
0.141146
0.137444
0.138837
0.138681
0.138436
0.138457
0.138911
0.136009
0.141355
0.139001
0.136392
0.142126
0.147119
0.145086
0.146461
0.149779
0.136434
0.130601
0.133055
0.138310
0.145238
0.131439
0.138604
0.141047
0.143520
0.145514
0.145403
0.148103
0.146038
0.145721
0.150434
0.147998
0.136488
0.128009
0.129618
0.143101
0.132495
0.141475
0.138437
0.148106
0.145772
0.149137
0.147784
0.148257
0.147387
0.145555
0.148266
0.147379
0.147501
0.148295
0.126972
0.133817
0.127156
0.143247
0.145826
0.146264
0.151796
0.147679
0.147536
0.147650
0.147383
0.147403
0.146406
0.147882
0.149210
0.148608
0.147460
0.147247
0.149340
0.137972
0.137971
0.164391
0.136966
0.137938
0.134967
0.136585
0.135947
0.137890
0.136710
0.132677
0.135122
0.146892
0.141434
0.139369
0.154370
0.153508
0.151154
0.155548
0.131952
0.148942
0.134579
0.139246
0.133905
0.134050
0.133975
0.133270
0.135565
0.136129
0.136878
0.140368
0.138217
0.143198
0.145681
0.144070
0.151792
0.144131
0.146784
0.138450
0.134197
0.140373
0.143553
0.137650
0.149498
0.142048
0.153533
0.142865
0.144473
0.143355
0.152242
0.132457
0.139087
0.138305
0.135193
0.135791
0.140537
0.150832
0.142081
0.143767
0.156129
0.144865
0.145002
0.145445
0.145805
0.143849
0.144485
0.147990
0.161414
0.155154
0.155505
0.143203
0.149168
0.156158
0.158298
0.156034
0.155590
0.145569
0.149042
0.154389
0.144109
0.135370
0.134571
0.134199
0.134621
0.139220
0.136214
0.150124
0.157136
0.156797
0.137069
0.143483
0.146747
0.150168
0.146413
0.147123
0.153604
0.146925
0.132234
0.154075
0.156905
0.156953
0.158844
0.155909
0.138580
0.145164
0.150227
0.145843
0.144499
0.141648
0.146638
0.148610
0.146899
0.147532
0.152632
0.132696
0.140985
0.140556
0.145527
0.148623
0.137293
0.149544
0.149045
0.149297
0.141187
0.142055
0.138896
0.147085
0.130295
0.135468
0.132003
0.136475
0.147461
0.149499
0.148016
0.151300
0.154217
0.133722
0.136769
0.150846
0.144147
0.129728
0.144348
0.141446
0.133014
0.146978
0.135948
0.139311
0.145266
0.150818
0.154039
0.152052
0.150854
0.134169
0.156858
0.144785
0.137645
0.146804
0.144838
0.153829
0.150450
0.137292
0.140594
0.151168
0.143229
0.151146
0.150237
0.151608
0.153911
0.151326
0.150615
0.159691
0.140700
0.138952
0.143644
0.147108
0.138182
0.130208
0.145411
0.134584
0.146529
0.142973
0.149226
0.153694
0.150212
0.151348
0.154545
0.152177
0.139176
0.141928
0.147822
0.142661
0.141846
0.142748
0.141042
0.142404
0.142482
0.146185
0.144970
0.143474
0.142786
0.143854
0.142833
0.144291
0.145308
0.142862
0.142916
0.143789
0.148085
0.149980
0.138512
0.146929
0.147776
0.152942
0.132329
0.138484
0.138056
0.147216
0.147593
0.144642
0.141699
0.135631
0.135359
0.135948
0.134619
0.164085
0.132346
0.130059
0.129647
0.130443
0.131544
0.131390
0.131934
0.129622
0.131358
0.131656
0.125208
0.129114
0.133019
0.129495
0.129893
0.130116
0.139473
0.130734
0.133827
0.130166
0.134744
0.130443
0.129497
0.132737
0.135557
0.137036
0.156435
0.141735
0.152690
0.131490
0.140296
0.144072
0.141897
0.142283
0.141526
0.141822
0.141387
0.140782
0.140522
0.141019
0.139080
0.135234
0.146836
0.134171
0.145383
0.136628
0.143883
0.129171
0.148394
0.130499
0.130597
0.128425
0.130316
0.129519
0.128213
0.128309
0.128719
0.130062
0.129552
0.140119
0.135390
0.146193
0.151631
0.134639
0.140244
0.142626
0.139947
0.132239
0.127378
0.129513
0.129149
0.129161
0.129121
0.128793
0.128701
0.130111
0.130044
0.129114
0.129648
0.128935
0.131625
0.128758
0.131725
0.128605
0.130680
0.131369
0.129558
0.128765
0.126729
0.129616
0.129214
0.130919
0.128897
0.130971
0.130091
0.129851
0.131330
0.129791
0.129279
0.128935
0.129740
0.128809
0.128704
0.129313
0.132073
0.129686
0.130566
0.128921
0.128382
0.130386
0.130009
0.128846
0.130039
0.133442
0.129784
0.129235
0.128883
0.131131
0.128896
0.129122
0.129165
0.130210
0.129339
0.129331
0.129135
0.130465
0.129683
0.129719
0.128583
0.132003
0.130823
0.129415
0.130407
0.131564
0.129848
0.130307
0.129106
0.132642
0.128906
0.129547
0.129476
0.130010
0.128850
0.130970
0.129834
0.129209
0.128526
0.128494
0.128975
0.128361
0.128388
0.129083
0.130637
0.128895
0.129729
0.128798
0.130127
0.128745
0.129051
0.130595
0.131009
0.129032
0.128078
0.128702
0.129889
0.128338
0.128309
0.128647
0.128798
0.129658
0.128364
0.128490
0.131374
0.129719
0.128792
0.128546
0.130672
0.130564
0.129410
0.130393
0.131433
0.129521
0.128463
0.128732
0.129143
0.133294
0.129726
0.131453
0.131806
0.133667
0.146206
0.132532
0.130044
0.128140
0.130352
0.128203
0.129786
0.128871
0.129082
0.130610
0.130050
0.130496
0.133178
0.128038
0.128027
0.129065
0.128643
0.128404
0.128985
0.135820
0.139523
0.129624
0.137662
0.134181
0.143534
0.132689
0.132397
0.129843
0.132852
0.145207
0.129736
0.129174
0.130838
0.130618
0.130947
0.138564
0.129230
0.128975
0.130611
0.136863
0.129145
0.129586
0.132381
0.130084
0.140048
0.131638
0.130490
0.130710
0.130607
0.130399
0.132516
0.128833
0.129233
0.129912
0.130460
0.130879
0.129657
0.129992
0.128790
0.129157
0.129477
0.128914
0.129671
0.130596
0.129464
0.131832
0.129238
0.134021
0.130404
0.130319
0.130818
0.129647
0.129504
0.130044
0.129330
0.129103
0.133860
0.129321
0.131620
0.130267
0.130110
0.131371
0.130820
0.130297
0.129186
0.129431
0.128914
0.131098
0.129507
0.130486
0.131796
0.132660
0.134132
0.130987
0.138591
0.129447
0.138562
0.129819
0.131706
0.128981
0.129661
0.131019
0.130126
0.129227
0.129071
0.132372
0.129081
0.131426
0.133158
0.129328
0.131216
0.132618
0.130869
0.130279
0.129372
0.132619
0.133271
0.129902
0.130581
0.135741
0.129226
0.163654
0.164817
0.140424
0.133970
0.186636
0.143838
0.143889
0.127968
0.128959
0.143294
0.159157
0.130921
0.128604
0.175596
0.138360
0.128673
0.138523
0.148206
0.134669
0.154372
0.145084
0.153122
0.170608
0.144601
0.151713
0.154155
0.158248
0.138315
0.128782
0.129081
0.131733
0.178820
0.166921
0.174542
0.138385
0.130264
0.129600
0.127617
0.127928
0.150369
0.161426
0.129862
0.138680
0.176092
0.141842
0.178290
0.138199
0.129089
0.128426
0.129657
0.128569
0.127500
0.128386
0.127557
0.127802
0.128424
0.132447
0.135875
0.128346
0.159596
0.180075
0.137756
0.129855
0.128112
0.128340
0.130691
0.133063
0.129005
0.127795
0.131070
0.142624
0.148674
0.129402
0.128406
0.128191
0.128041
0.128608
0.128350
0.131596
0.140968
0.129271
0.131561
0.128750
0.128474
0.129336
0.130883
0.131884
0.129164
0.129708
0.129077
0.127707
0.127425
0.128287
0.128503
0.127520
0.127621
0.128135
0.166487
0.144902
0.146745
0.166328
0.174534
0.147834
0.153213
0.168417
0.157586
0.149519
0.159037
0.146030
0.151386
0.154517
0.153185
0.152755
0.141654
0.138091
0.135581
0.144958
0.136302
0.131801
0.131582
0.132359
0.159826
0.155742
0.162930
0.159855
0.163676
0.164079
0.154585
0.157114
0.159914
0.159855
0.157172
0.154813
0.134047
0.130889
0.130092
0.129566
0.132826
0.129906
0.128933
0.133375
0.129637
0.128767
0.133804
0.137059
0.139881
0.142765
0.135932
0.130283
0.132363
0.129694
0.131430
0.130530
0.133515
0.129040
0.128464
0.135878
0.131268
0.129620
0.136694
0.140462
0.143445
0.153182
0.131201
0.130476
0.132541
0.130364
0.153520
0.134160
0.129870
0.129178
0.130204
0.130899
0.132683
0.131779
0.132714
0.129233
0.129286
0.133307
0.129800
0.129036
0.133006
0.130415
0.129439
0.132343
0.129497
0.129785
0.129576
0.129958
0.129054
0.130740
0.139586
0.152830
0.138395
0.132236
0.128979
0.131275
0.127110
0.130291
0.129869
0.130512
0.130358
0.130716
0.130637
0.130970
0.129712
0.130448
0.129539
0.129646
0.129127
0.131976
0.129426
0.129772
0.133105
0.130044
0.129702
0.130115
0.130794
0.129400
0.129430
0.130142
0.130449
0.129690
0.130165
0.130762
0.131001
0.129535
0.130984
0.129834
0.130661
0.129618
0.129251
0.130219
0.132036
0.129370
0.129824
0.133860
0.136416
0.132563
0.130182
0.130845
0.130515
0.129841
0.131150
0.130837
0.131065
0.132472
0.130561
0.130680
0.131175
0.130768
0.129401
0.130497
0.131580
0.131684
0.133299
0.130682
0.132015
0.130297
0.129643
0.130724
0.133814
0.130605
0.129551
0.130973
0.133658
0.130909
0.129904
0.129564
0.131963
0.129338
0.129804
0.130590
0.131363
0.129717
0.131258
0.130759
0.131846
0.129977
0.129969
0.129793
0.131960
0.130366
0.131170
0.130110
0.131610
0.129857
0.129927
0.129793
0.129572
0.129937
0.130079
0.131053
0.130071
0.129408
0.130063
0.130198
0.127565
0.128721
0.129952
0.129186
0.134058
0.129961
0.131227
0.128940
0.130672
0.130642
0.130396
0.129297
0.130861
0.129639
0.130436
0.128869
0.131390
0.128800
0.131221
0.129739
0.132713
0.129314
0.128870
0.128807
0.133222
0.131080
0.129925
0.128524
0.130345
0.129538
0.129572
0.129235
0.130149
0.129762
0.128841
0.129776
0.130737
0.129782
0.129954
0.129013
0.129985
0.129515
0.129596
0.157581
0.139162
0.131037
0.129125
0.130500
0.129443
0.129670
0.128380
0.130053
0.128444
0.129974
0.130283
0.132583
0.133180
0.131343
0.130355
0.136894
0.130383
0.131977
0.130429
0.132411
0.130713
0.129810
0.131146
0.130819
0.130394
0.131062
0.133123
0.131429
0.129670
0.129339
0.130274
0.130788
0.129526
0.130859
0.131042
0.131306
0.129364
0.129879
0.131303
0.131460
0.131471
0.130490
0.130655
0.132027
0.130518
0.130049
0.130553
0.130184
0.131021
0.129775
0.129899
0.129891
0.129681
0.130247
0.130702
0.130109
0.194141
0.188322
0.140027
0.131572
0.131374
0.131463
0.128539
0.130153
0.130150
0.148902
0.191258
0.193555
0.179323
0.175378
0.133786
0.132777
0.154440
0.172580
0.138867
0.135703
0.134504
0.131428
0.129166
0.129491
0.129152
0.130764
0.130281
0.132442
0.132631
0.129199
0.129962
0.130207
0.129406
0.129718
0.129440
0.129134
0.128783
0.142794
0.140727
0.131119
0.130771
0.131690
0.131289
0.135184
0.132694
0.177661
0.169304
0.176733
0.142130
0.130367
0.130733
0.130448
0.155256
0.185676
0.138781
0.129828
0.128975
0.129654
0.129586
0.129680
0.129696
0.129869
0.129807
0.128928
0.129984
0.129752
0.130714
0.129593
0.130913
0.129197
0.129155
0.129138
0.128881
0.128572
0.128271
0.129573
0.128733
0.129834
0.128963
0.129925
0.129028
0.129318
0.129050
0.130925
0.130997
0.130081
0.139065
0.189652
0.141153
0.131281
0.130711
0.165820
0.171595
0.176398
0.170869
0.130118
0.129979
0.129153
0.129414
0.128963
0.129675
0.129875
0.129511
0.129492
0.132058
0.131667
0.130054
0.129319
0.132698
0.129696
0.131379
0.131933
0.131845
0.130656
0.130105
0.129348
0.129200
0.131978
0.131979
0.133322
0.136493
0.132884
0.141841
0.155897
0.138769
0.140902
0.145649
0.162721
0.145133
0.135191
0.147482
0.140571
0.156132
0.158412
0.156671
0.146767
0.160382
0.141786
0.150971
0.169680
0.167860
0.164590
0.161443
0.136197
0.130806
0.142258
0.140593
0.134378
0.134985
0.139135
0.131214
0.137576
0.157775
0.160156
0.156858
0.153852
0.155115
0.166446
0.162692
0.162170
0.146875
0.144906
0.160811
0.159777
0.157219
0.148686
0.159476
0.163380
0.156147
0.159864
0.162843
0.166363
0.154041
0.151583
0.150652
0.156352
0.145431
0.145483
0.145866
0.145345
0.155929
0.140018
0.137307
0.147856
0.162357
0.163018
0.162360
0.161221
0.161013
0.170180
0.170284
0.164358
0.162020
0.163260
0.160517
0.154502
0.154188
0.154960
0.155190
0.153880
0.158349
0.148293
0.162181
0.158822
0.161365
0.142902
0.167825
0.137339
0.132868
0.131561
0.130356
0.130881
0.131813
0.136731
0.176677
0.162635
0.150390
0.156067
0.142257
0.142560
0.144814
0.150048
0.130306
0.130926
0.132640
0.139749
0.132655
0.164390
0.167938
0.163006
0.158362
0.144796
0.133262
0.141281
0.139232
0.131902
0.132699
0.128931
0.134550
0.149608
0.136412
0.131357
0.132046
0.129730
0.131569
0.128950
0.145253
0.132394
0.134047
0.167639
0.157135
0.135179
0.144504
0.145455
0.133748
0.132413
0.140723
0.129991
0.140270
0.139975
0.139201
0.137930
0.146136
0.139787
0.131239
0.151605
0.139728
0.140129
0.133132
0.129999
0.130054
0.144917
0.138617
0.136373
0.141958
0.138811
0.136903
0.145883
0.161989
0.163531
0.145462
0.167552
0.153391
0.161319
0.181202
0.174711
0.164871
0.165491
0.157588
0.162528
0.157508
0.159271
0.160631
0.147883
0.149810
0.155927
0.151123
0.172429
0.165648
0.160626
0.160081
0.128641
0.131143
0.131759
0.131567
0.129783
0.128591
0.130600
0.129419
0.129469
0.129748
0.130172
0.129387
0.128934
0.129491
0.130985
0.130405
0.129693
0.129132
0.130274
0.129936
0.135339
0.129350
0.131259
0.129804
0.129349
0.130160
0.130818
0.129300
0.132583
0.131149
0.131508
0.130163
0.131036
0.129698
0.131195
0.129032
0.129218
0.129146
0.132143
0.133814
0.130290
0.129499
0.131255
0.128446
0.129584
0.129882
0.129821
0.130405
0.129923
0.131505
0.129604
0.130455
0.131487
0.129482
0.130333
0.129360
0.130857
0.130144
0.131516
0.130356
0.129491
0.128870
0.131095
0.129913
0.129070
0.130267
0.131100
0.130530
0.131043
0.129435
0.131724
0.129930
0.130304
0.129416
0.131853
0.131129
0.128891
0.128331
0.131509
0.129675
0.130860
0.130450
0.129902
0.129523
0.128742
0.129134
0.130687
0.129823
0.129665
0.129523
0.130489
0.128946
0.129351
0.130359
0.130813
0.129908
0.128792
0.128372
0.129033
0.129031
0.127423
0.131177
0.129165
0.132798
0.130579
0.134020
0.130143
0.129613
0.130870
0.134291
0.130528
0.130049
0.130839
0.132444
0.130496
0.129738
0.130063
0.131190
0.130469
0.132056
0.131353
0.131216
0.129516
0.129777
0.130411
0.129991
0.130948
0.129589
0.130375
0.130263
0.130039
0.129580
0.131531
0.130715
0.130288
0.132711
0.130663
0.129675
0.129648
0.132162
0.131201
0.130397
0.130169
0.129877
0.131012
0.130148
0.130885
0.130206
0.132313
0.129478
0.130893
0.130296
0.131396
0.130347
0.131074
0.129952
0.131850
0.130837
0.130431
0.130092
0.131418
0.130297
0.131403
0.131320
0.132378
0.131244
0.130816
0.130595
0.132348
0.130346
0.130179
0.130015
0.130875
0.130424
0.129946
0.129368
0.131009
0.130074
0.132341
0.131703
0.131764
0.130296
0.131337
0.130289
0.132073
0.129943
0.129788
0.129864
0.131447
0.131251
0.130237
0.130994
0.131129
0.130989
0.131567
0.130167
0.128931
0.130565
0.131578
0.130317
0.129846
0.132920
0.131563
0.130793
0.129647
0.131443
0.129521
0.129804
0.129259
0.131304
0.131291
0.131451
0.129509
0.130405
0.129262
0.130418
0.129862
0.131051
0.131038
0.129116
0.131778
0.131224
0.132141
0.131657
0.131205
0.129905
0.129356
0.130306
0.129520
0.129238
0.129910
0.130301
0.129921
0.131618
0.131880
0.136034
0.132911
0.132490
0.130975
0.131732
0.134630
0.130693
0.131648
0.130362
0.129514
0.129879
0.130019
0.130896
0.131103
0.131550
0.131768
0.131255
0.130781
0.131350
0.130620
0.130629
0.130581
0.131326
0.129589
0.129336
0.131771
0.131805
0.130502
0.129392
0.131024
0.128958
0.129939
0.130315
0.131083
0.132241
0.129159
0.129070
0.130390
0.128985
0.130019
0.130484
0.130434
0.129353
0.130317
0.130205
0.130876
0.130714
0.132421
0.129626
0.130793
0.129283
0.129235
0.130732
0.132969
0.132538
0.133580
0.129249
0.131182
0.129678
0.129190
0.129462
0.129436
0.129303
0.129452
0.129158
0.153267
0.142820
0.143615
0.143729
0.157748
0.138642
0.130730
0.132963
0.132192
0.135098
0.134499
0.142206
0.145822
0.141941
0.136504
0.137888
0.161614
0.162275
0.161703
0.162465
0.169121
0.158109
0.160779
0.160374
0.155957
0.155680
0.156809
0.148025
0.132371
0.134497
0.130327
0.130266
0.134582
0.130700
0.130327
0.133417
0.130188
0.130050
0.131221
0.130729
0.130618
0.130725
0.133120
0.131445
0.130575
0.135736
0.131319
0.130531
0.134485
0.130554
0.132904
0.133961
0.130394
0.129922
0.131463
0.132343
0.133210
0.130028
0.133731
0.130454
0.130867
0.134935
0.133987
0.129754
0.138082
0.150416
0.143405
0.147228
0.151635
0.151968
0.147027
0.147254
0.155256
0.156530
0.169173
0.144160
0.147438
0.153342
0.154216
0.148204
0.152012
0.135406
0.140862
0.133364
0.138767
0.139515
0.159204
0.159089
0.157156
0.147557
0.136612
0.140202
0.141260
0.156099
0.164266
0.160976
0.158220
0.159819
0.159519
0.148852
0.130232
0.132096
0.132926
0.133503
0.131801
0.133199
0.134157
0.132041
0.131994
0.134315
0.128219
0.131252
0.134512
0.130367
0.131332
0.131309
0.132211
0.130919
0.130986
0.129758
0.130653
0.133202
0.132774
0.133040
0.133484
0.132689
0.132317
0.132686
0.133333
0.133291
0.130393
0.133873
0.132945
0.140692
0.133303
0.132335
0.135145
0.133029
0.133410
0.132653
0.140449
0.139352
0.129777
0.131703
0.132367
0.133621
0.132041
0.133616
0.133078
0.134386
0.133043
0.134791
0.132506
0.135985
0.131938
0.130936
0.131147
0.137669
0.134601
0.133192
0.133435
0.131640
0.132024
0.134379
0.132751
0.134654
0.132918
0.133688
0.133787
0.133027
0.131884
0.135386
0.133223
0.133247
0.131671
0.131927
0.135503
0.134308
0.140569
0.137541
0.134906
0.132800
0.134036
0.133789
0.138170
0.134762
0.132327
0.133737
0.131868
0.134130
0.133610
0.133275
0.134278
0.132687
0.133281
0.141039
0.138597
0.137434
0.140743
0.141518
0.139563
0.141396
0.137605
0.157638
0.141334
0.137403
0.133670
0.139472
0.147474
0.144396
0.148632
0.142603
0.135272
0.136681
0.135888
0.135318
0.148669
0.136129
0.133579
0.132463
0.142208
0.141103
0.139504
0.137177
0.137240
0.135184
0.151634
0.148842
0.149470
0.145626
0.135288
0.134242
0.148728
0.137346
0.136764
0.140362
0.157926
0.151558
0.153338
0.153955
0.155765
0.145506
